# Data from Ladson, Hill, & Johnson, NASA TM 100526, 1987.
# M=0.3
# Note: may not be sufficiently 2D, because aspect ratio of model only 1.333
# variables="x/c","cp"
# zone, t="Re=9 million, alpha=.0210, fixed transition"
.9483   .0957
.9000   .0196
.8503  -.0124
.7998  -.0450
.7497  -.0790
.7003  -.1147
.6502  -.1540
.5997  -.1781
.5506  -.1885
.5000  -.2314
.4503  -.2544
.4000  -.2863
.3507  -.3151
.3002  -.3401
.2501  -.3761
.2004  -.4026
.1504  -.4267
.1000  -.4250
.0755  -.4032
.0510  -.3743
.0251  -.2033
.0122   .0147
0.     1.0416
.0135   .0138
.0271  -.2018
.0515  -.3335
.0763  -.3923
.1012  -.4084
.1503  -.3926
.1994  -.3904
.2501  -.3702
.2999  -.3446
.3499  -.3085
.3994  -.2814
.4496  -.2527
.4997  -.2241
.5492  -.1783
.5994  -.1743
.6495  -.1430
.6996  -.1117
.7489  -.0765
.8003  -.0462
.8500  -.0092
.8993   .0364
.9489   .0901