# Data from Ladson, Hill, & Johnson, NASA TM 100526, 1987.
# M=0.3
# Note: may not be sufficiently 2D, because aspect ratio of model only 1.333
# variables="x/c","cp"
# zone, t="Re=9 million, alpha=10.0228, fixed transition"
.9483   .1147
.9000   .0684
.8503   .0882
.7998   .0849
.7497   .0782
.7003   .0739
.6502   .0685
.5997   .0813
.5506   .0884
.5000   .0940
.4503   .1125
.4000   .1225
.3507   .1488
.3002   .1893
.2501   .2292
.2004   .2973
.1504   .3900
.1000   .5435
.0755   .6563
.0510   .8031
.0251  1.0081
.0122  1.0241
0.    -2.6598
.0135 -3.9314
.0271 -3.1386
.0515 -2.4889
.0763 -2.0671
.1012 -1.8066
.1503 -1.4381
.1994 -1.2297
.2501 -1.0638
.2999  -.9300
.3499  -.8094
.3994  -.7131
.4496  -.6182
.4997  -.5374
.5492  -.4563
.5994  -.3921
.6495  -.3247
.6996  -.2636
.7489  -.1964
.8003  -.1318
.8500  -.0613
.8993  -.0021
.9489   .0795