# NACA 0012, 897x257 grid, CFL3D with SST model,
# freestream k/a_inf^2=9.e-9
# freestream omega*mu_inf/(rho_inf*a_inf^2)=1.e-6
# Lifting results have point vortex farfield correction on
# Note: results very near T.E. have high numerical error - see Swanson & Turkel, AIAA 87-1107, 1987
# (Results here given to greater accuracy than convergence tolerance)
# variables="x","cp"
# zone, t="alpha=10"
    0.10000E+01    0.18530E+00
    0.99900E+00    0.16471E+00
    0.99797E+00    0.16542E+00
    0.99689E+00    0.16483E+00
    0.99578E+00    0.16363E+00
    0.99463E+00    0.16192E+00
    0.99344E+00    0.16007E+00
    0.99220E+00    0.15813E+00
    0.99092E+00    0.15618E+00
    0.98960E+00    0.15425E+00
    0.98823E+00    0.15237E+00
    0.98681E+00    0.15053E+00
    0.98534E+00    0.14874E+00
    0.98381E+00    0.14699E+00
    0.98224E+00    0.14528E+00
    0.98061E+00    0.14359E+00
    0.97892E+00    0.14193E+00
    0.97718E+00    0.14030E+00
    0.97537E+00    0.13869E+00
    0.97350E+00    0.13711E+00
    0.97157E+00    0.13555E+00
    0.96957E+00    0.13402E+00
    0.96750E+00    0.13251E+00
    0.96537E+00    0.13103E+00
    0.96316E+00    0.12957E+00
    0.96087E+00    0.12813E+00
    0.95852E+00    0.12672E+00
    0.95608E+00    0.12534E+00
    0.95356E+00    0.12398E+00
    0.95096E+00    0.12265E+00
    0.94827E+00    0.12135E+00
    0.94550E+00    0.12007E+00
    0.94264E+00    0.11882E+00
    0.93969E+00    0.11760E+00
    0.93664E+00    0.11640E+00
    0.93350E+00    0.11524E+00
    0.93025E+00    0.11411E+00
    0.92691E+00    0.11301E+00
    0.92347E+00    0.11194E+00
    0.91991E+00    0.11090E+00
    0.91626E+00    0.10990E+00
    0.91249E+00    0.10893E+00
    0.90860E+00    0.10799E+00
    0.90461E+00    0.10709E+00
    0.90050E+00    0.10623E+00
    0.89626E+00    0.10540E+00
    0.89191E+00    0.10462E+00
    0.88744E+00    0.10387E+00
    0.88284E+00    0.10317E+00
    0.87811E+00    0.10250E+00
    0.87325E+00    0.10188E+00
    0.86827E+00    0.10130E+00
    0.86315E+00    0.10076E+00
    0.85789E+00    0.10027E+00
    0.85250E+00    0.99819E-01
    0.84698E+00    0.99422E-01
    0.84132E+00    0.99067E-01
    0.83551E+00    0.98760E-01
    0.82957E+00    0.98505E-01
    0.82349E+00    0.98294E-01
    0.81727E+00    0.98135E-01
    0.81090E+00    0.98029E-01
    0.80439E+00    0.97976E-01
    0.79774E+00    0.97970E-01
    0.79095E+00    0.98023E-01
    0.78402E+00    0.98124E-01
    0.77694E+00    0.98283E-01
    0.76973E+00    0.98495E-01
    0.76238E+00    0.98765E-01
    0.75489E+00    0.99094E-01
    0.74726E+00    0.99475E-01
    0.73950E+00    0.99915E-01
    0.73160E+00    0.10042E+00
    0.72358E+00    0.10098E+00
    0.71543E+00    0.10160E+00
    0.70715E+00    0.10228E+00
    0.69875E+00    0.10304E+00
    0.69023E+00    0.10385E+00
    0.68160E+00    0.10473E+00
    0.67286E+00    0.10567E+00
    0.66401E+00    0.10669E+00
    0.65505E+00    0.10778E+00
    0.64600E+00    0.10894E+00
    0.63686E+00    0.11017E+00
    0.62763E+00    0.11149E+00
    0.61831E+00    0.11288E+00
    0.60892E+00    0.11436E+00
    0.59946E+00    0.11593E+00
    0.58993E+00    0.11758E+00
    0.58035E+00    0.11933E+00
    0.57071E+00    0.12118E+00
    0.56102E+00    0.12312E+00
    0.55129E+00    0.12517E+00
    0.54153E+00    0.12733E+00
    0.53174E+00    0.12961E+00
    0.52194E+00    0.13200E+00
    0.51212E+00    0.13452E+00
    0.50229E+00    0.13717E+00
    0.49246E+00    0.13995E+00
    0.48265E+00    0.14288E+00
    0.47284E+00    0.14595E+00
    0.46306E+00    0.14917E+00
    0.45331E+00    0.15255E+00
    0.44359E+00    0.15610E+00
    0.43391E+00    0.15982E+00
    0.42428E+00    0.16372E+00
    0.41471E+00    0.16780E+00
    0.40520E+00    0.17207E+00
    0.39575E+00    0.17654E+00
    0.38638E+00    0.18122E+00
    0.37708E+00    0.18610E+00
    0.36787E+00    0.19120E+00
    0.35875E+00    0.19652E+00
    0.34972E+00    0.20206E+00
    0.34079E+00    0.20784E+00
    0.33197E+00    0.21387E+00
    0.32325E+00    0.22013E+00
    0.31465E+00    0.22664E+00
    0.30616E+00    0.23341E+00
    0.29780E+00    0.24043E+00
    0.28955E+00    0.24771E+00
    0.28144E+00    0.25526E+00
    0.27345E+00    0.26308E+00
    0.26559E+00    0.27117E+00
    0.25787E+00    0.27953E+00
    0.25029E+00    0.28816E+00
    0.24284E+00    0.29708E+00
    0.23553E+00    0.30626E+00
    0.22837E+00    0.31573E+00
    0.22134E+00    0.32548E+00
    0.21446E+00    0.33550E+00
    0.20772E+00    0.34580E+00
    0.20112E+00    0.35638E+00
    0.19467E+00    0.36724E+00
    0.18837E+00    0.37836E+00
    0.18220E+00    0.38976E+00
    0.17618E+00    0.40142E+00
    0.17030E+00    0.41335E+00
    0.16456E+00    0.42554E+00
    0.15897E+00    0.43799E+00
    0.15351E+00    0.45068E+00
    0.14819E+00    0.46362E+00
    0.14301E+00    0.47681E+00
    0.13797E+00    0.49023E+00
    0.13306E+00    0.50387E+00
    0.12828E+00    0.51773E+00
    0.12363E+00    0.53180E+00
    0.11911E+00    0.54608E+00
    0.11472E+00    0.56054E+00
    0.11046E+00    0.57519E+00
    0.10631E+00    0.59002E+00
    0.10229E+00    0.60500E+00
    0.98386E-01    0.62013E+00
    0.94598E-01    0.63539E+00
    0.90925E-01    0.65077E+00
    0.87364E-01    0.66625E+00
    0.83912E-01    0.68182E+00
    0.80568E-01    0.69746E+00
    0.77330E-01    0.71313E+00
    0.74194E-01    0.72882E+00
    0.71158E-01    0.74445E+00
    0.68221E-01    0.76000E+00
    0.65380E-01    0.77543E+00
    0.62633E-01    0.79077E+00
    0.59977E-01    0.80601E+00
    0.57410E-01    0.82115E+00
    0.54930E-01    0.83614E+00
    0.52535E-01    0.85092E+00
    0.50222E-01    0.86541E+00
    0.47990E-01    0.87956E+00
    0.45837E-01    0.89333E+00
    0.43759E-01    0.90664E+00
    0.41756E-01    0.91946E+00
    0.39825E-01    0.93171E+00
    0.37964E-01    0.94332E+00
    0.36171E-01    0.95423E+00
    0.34445E-01    0.96435E+00
    0.32783E-01    0.97359E+00
    0.31184E-01    0.98186E+00
    0.29646E-01    0.98906E+00
    0.28167E-01    0.99509E+00
    0.26746E-01    0.99984E+00
    0.25380E-01    0.10032E+01
    0.24068E-01    0.10050E+01
    0.22809E-01    0.10052E+01
    0.21601E-01    0.10035E+01
    0.20443E-01    0.99997E+00
    0.19333E-01    0.99431E+00
    0.18269E-01    0.98640E+00
    0.17250E-01    0.97608E+00
    0.16276E-01    0.96320E+00
    0.15343E-01    0.94757E+00
    0.14452E-01    0.92902E+00
    0.13601E-01    0.90739E+00
    0.12789E-01    0.88251E+00
    0.12014E-01    0.85423E+00
    0.11275E-01    0.82231E+00
    0.10572E-01    0.78671E+00
    0.99023E-02    0.74723E+00
    0.92657E-02    0.70367E+00
    0.86610E-02    0.65607E+00
    0.80870E-02    0.60422E+00
    0.75428E-02    0.54809E+00
    0.70272E-02    0.48763E+00
    0.65393E-02    0.42283E+00
    0.60780E-02    0.35370E+00
    0.56425E-02    0.28029E+00
    0.52316E-02    0.20267E+00
    0.48446E-02    0.12099E+00
    0.44803E-02    0.35378E-01
    0.41380E-02   -0.53945E-01
    0.38166E-02   -0.14676E+00
    0.35153E-02   -0.24282E+00
    0.32332E-02   -0.34182E+00
    0.29694E-02   -0.44345E+00
    0.27231E-02   -0.54735E+00
    0.24934E-02   -0.65318E+00
    0.22795E-02   -0.76055E+00
    0.20806E-02   -0.86910E+00
    0.18959E-02   -0.97843E+00
    0.17246E-02   -0.10882E+01
    0.15660E-02   -0.11980E+01
    0.14194E-02   -0.13075E+01
    0.12840E-02   -0.14163E+01
    0.11592E-02   -0.15242E+01
    0.10443E-02   -0.16308E+01
    0.93876E-03   -0.17359E+01
    0.84191E-03   -0.18392E+01
    0.75319E-03   -0.19405E+01
    0.67206E-03   -0.20397E+01
    0.59799E-03   -0.21366E+01
    0.53051E-03   -0.22311E+01
    0.46913E-03   -0.23229E+01
    0.41342E-03   -0.24122E+01
    0.36295E-03   -0.24988E+01
    0.31735E-03   -0.25826E+01
    0.27624E-03   -0.26638E+01
    0.23927E-03   -0.27422E+01
    0.20611E-03   -0.28178E+01
    0.17648E-03   -0.28908E+01
    0.15008E-03   -0.29610E+01
    0.12665E-03   -0.30286E+01
    0.10594E-03   -0.30936E+01
    0.87730E-04   -0.31561E+01
    0.71803E-04   -0.32160E+01
    0.57964E-04   -0.32735E+01
    0.46029E-04   -0.33287E+01
    0.35831E-04   -0.33815E+01
    0.27213E-04   -0.34322E+01
    0.20030E-04   -0.34807E+01
    0.14151E-04   -0.35272E+01
    0.94511E-05   -0.35719E+01
    0.58186E-05   -0.36149E+01
    0.31491E-05   -0.36560E+01
    0.13469E-05   -0.36931E+01
    0.32412E-06   -0.37224E+01
    0.00000E+00   -0.37708E+01
    0.32412E-06   -0.38155E+01
    0.13469E-05   -0.38438E+01
    0.31491E-05   -0.38826E+01
    0.58186E-05   -0.39225E+01
    0.94511E-05   -0.39644E+01
    0.14151E-04   -0.40078E+01
    0.20030E-04   -0.40526E+01
    0.27213E-04   -0.40990E+01
    0.35831E-04   -0.41467E+01
    0.46029E-04   -0.41958E+01
    0.57964E-04   -0.42463E+01
    0.71803E-04   -0.42979E+01
    0.87730E-04   -0.43507E+01
    0.10594E-03   -0.44047E+01
    0.12665E-03   -0.44596E+01
    0.15008E-03   -0.45154E+01
    0.17648E-03   -0.45721E+01
    0.20611E-03   -0.46295E+01
    0.23927E-03   -0.46874E+01
    0.27624E-03   -0.47458E+01
    0.31735E-03   -0.48045E+01
    0.36295E-03   -0.48631E+01
    0.41342E-03   -0.49217E+01
    0.46913E-03   -0.49798E+01
    0.53051E-03   -0.50372E+01
    0.59799E-03   -0.50938E+01
    0.67206E-03   -0.51490E+01
    0.75319E-03   -0.52026E+01
    0.84191E-03   -0.52544E+01
    0.93876E-03   -0.53040E+01
    0.10443E-02   -0.53509E+01
    0.11592E-02   -0.53950E+01
    0.12840E-02   -0.54357E+01
    0.14194E-02   -0.54727E+01
    0.15660E-02   -0.55058E+01
    0.17246E-02   -0.55345E+01
    0.18959E-02   -0.55587E+01
    0.20806E-02   -0.55779E+01
    0.22795E-02   -0.55919E+01
    0.24934E-02   -0.56006E+01
    0.27231E-02   -0.56038E+01
    0.29694E-02   -0.56013E+01
    0.32332E-02   -0.55931E+01
    0.35153E-02   -0.55792E+01
    0.38166E-02   -0.55597E+01
    0.41380E-02   -0.55345E+01
    0.44803E-02   -0.55039E+01
    0.48446E-02   -0.54680E+01
    0.52316E-02   -0.54270E+01
    0.56425E-02   -0.53813E+01
    0.60780E-02   -0.53309E+01
    0.65393E-02   -0.52763E+01
    0.70272E-02   -0.52178E+01
    0.75428E-02   -0.51558E+01
    0.80870E-02   -0.50906E+01
    0.86610E-02   -0.50223E+01
    0.92657E-02   -0.49516E+01
    0.99023E-02   -0.48790E+01
    0.10572E-01   -0.48038E+01
    0.11275E-01   -0.47278E+01
    0.12014E-01   -0.46504E+01
    0.12789E-01   -0.45716E+01
    0.13601E-01   -0.44929E+01
    0.14452E-01   -0.44133E+01
    0.15343E-01   -0.43334E+01
    0.16276E-01   -0.42535E+01
    0.17250E-01   -0.41739E+01
    0.18269E-01   -0.40947E+01
    0.19333E-01   -0.40160E+01
    0.20443E-01   -0.39379E+01
    0.21601E-01   -0.38606E+01
    0.22809E-01   -0.37842E+01
    0.24068E-01   -0.37088E+01
    0.25380E-01   -0.36343E+01
    0.26746E-01   -0.35611E+01
    0.28167E-01   -0.34890E+01
    0.29646E-01   -0.34181E+01
    0.31184E-01   -0.33484E+01
    0.32783E-01   -0.32801E+01
    0.34445E-01   -0.32130E+01
    0.36171E-01   -0.31472E+01
    0.37964E-01   -0.30827E+01
    0.39825E-01   -0.30195E+01
    0.41756E-01   -0.29577E+01
    0.43759E-01   -0.28971E+01
    0.45837E-01   -0.28378E+01
    0.47990E-01   -0.27798E+01
    0.50222E-01   -0.27230E+01
    0.52535E-01   -0.26675E+01
    0.54930E-01   -0.26132E+01
    0.57410E-01   -0.25600E+01
    0.59977E-01   -0.25081E+01
    0.62633E-01   -0.24572E+01
    0.65380E-01   -0.24075E+01
    0.68221E-01   -0.23588E+01
    0.71158E-01   -0.23113E+01
    0.74194E-01   -0.22647E+01
    0.77330E-01   -0.22191E+01
    0.80568E-01   -0.21746E+01
    0.83912E-01   -0.21309E+01
    0.87364E-01   -0.20882E+01
    0.90925E-01   -0.20464E+01
    0.94598E-01   -0.20054E+01
    0.98386E-01   -0.19653E+01
    0.10229E+00   -0.19260E+01
    0.10631E+00   -0.18875E+01
    0.11046E+00   -0.18497E+01
    0.11472E+00   -0.18127E+01
    0.11911E+00   -0.17764E+01
    0.12363E+00   -0.17407E+01
    0.12828E+00   -0.17058E+01
    0.13306E+00   -0.16715E+01
    0.13797E+00   -0.16378E+01
    0.14301E+00   -0.16047E+01
    0.14819E+00   -0.15722E+01
    0.15351E+00   -0.15403E+01
    0.15897E+00   -0.15089E+01
    0.16456E+00   -0.14780E+01
    0.17030E+00   -0.14476E+01
    0.17618E+00   -0.14178E+01
    0.18220E+00   -0.13884E+01
    0.18837E+00   -0.13595E+01
    0.19467E+00   -0.13311E+01
    0.20112E+00   -0.13031E+01
    0.20772E+00   -0.12755E+01
    0.21446E+00   -0.12483E+01
    0.22134E+00   -0.12216E+01
    0.22837E+00   -0.11952E+01
    0.23553E+00   -0.11693E+01
    0.24284E+00   -0.11437E+01
    0.25029E+00   -0.11185E+01
    0.25787E+00   -0.10937E+01
    0.26559E+00   -0.10692E+01
    0.27345E+00   -0.10450E+01
    0.28144E+00   -0.10213E+01
    0.28955E+00   -0.99783E+00
    0.29780E+00   -0.97473E+00
    0.30616E+00   -0.95197E+00
    0.31465E+00   -0.92954E+00
    0.32325E+00   -0.90745E+00
    0.33197E+00   -0.88568E+00
    0.34079E+00   -0.86422E+00
    0.34972E+00   -0.84309E+00
    0.35875E+00   -0.82228E+00
    0.36787E+00   -0.80179E+00
    0.37708E+00   -0.78161E+00
    0.38638E+00   -0.76175E+00
    0.39575E+00   -0.74219E+00
    0.40520E+00   -0.72294E+00
    0.41471E+00   -0.70400E+00
    0.42428E+00   -0.68536E+00
    0.43391E+00   -0.66703E+00
    0.44359E+00   -0.64900E+00
    0.45331E+00   -0.63126E+00
    0.46306E+00   -0.61383E+00
    0.47284E+00   -0.59668E+00
    0.48265E+00   -0.57982E+00
    0.49246E+00   -0.56325E+00
    0.50229E+00   -0.54697E+00
    0.51212E+00   -0.53096E+00
    0.52194E+00   -0.51524E+00
    0.53174E+00   -0.49978E+00
    0.54153E+00   -0.48459E+00
    0.55129E+00   -0.46966E+00
    0.56102E+00   -0.45500E+00
    0.57071E+00   -0.44059E+00
    0.58035E+00   -0.42643E+00
    0.58993E+00   -0.41251E+00
    0.59946E+00   -0.39884E+00
    0.60892E+00   -0.38539E+00
    0.61831E+00   -0.37218E+00
    0.62763E+00   -0.35919E+00
    0.63686E+00   -0.34642E+00
    0.64600E+00   -0.33386E+00
    0.65505E+00   -0.32151E+00
    0.66401E+00   -0.30937E+00
    0.67286E+00   -0.29742E+00
    0.68160E+00   -0.28567E+00
    0.69023E+00   -0.27410E+00
    0.69875E+00   -0.26271E+00
    0.70715E+00   -0.25150E+00
    0.71543E+00   -0.24046E+00
    0.72358E+00   -0.22960E+00
    0.73160E+00   -0.21890E+00
    0.73950E+00   -0.20836E+00
    0.74726E+00   -0.19798E+00
    0.75489E+00   -0.18775E+00
    0.76238E+00   -0.17767E+00
    0.76973E+00   -0.16775E+00
    0.77694E+00   -0.15797E+00
    0.78402E+00   -0.14834E+00
    0.79095E+00   -0.13884E+00
    0.79774E+00   -0.12950E+00
    0.80439E+00   -0.12029E+00
    0.81090E+00   -0.11122E+00
    0.81727E+00   -0.10229E+00
    0.82349E+00   -0.93501E-01
    0.82957E+00   -0.84849E-01
    0.83551E+00   -0.76335E-01
    0.84132E+00   -0.67964E-01
    0.84698E+00   -0.59736E-01
    0.85250E+00   -0.51645E-01
    0.85789E+00   -0.43698E-01
    0.86315E+00   -0.35894E-01
    0.86827E+00   -0.28238E-01
    0.87325E+00   -0.20725E-01
    0.87811E+00   -0.13355E-01
    0.88284E+00   -0.61391E-02
    0.88744E+00    0.92870E-03
    0.89191E+00    0.78428E-02
    0.89626E+00    0.14603E-01
    0.90050E+00    0.21215E-01
    0.90461E+00    0.27674E-01
    0.90860E+00    0.33974E-01
    0.91249E+00    0.40125E-01
    0.91626E+00    0.46117E-01
    0.91991E+00    0.51950E-01
    0.92347E+00    0.57635E-01
    0.92691E+00    0.63167E-01
    0.93025E+00    0.68539E-01
    0.93350E+00    0.73763E-01
    0.93664E+00    0.78839E-01
    0.93969E+00    0.83761E-01
    0.94264E+00    0.88534E-01
    0.94550E+00    0.93165E-01
    0.94827E+00    0.97647E-01
    0.95096E+00    0.10199E+00
    0.95356E+00    0.10620E+00
    0.95608E+00    0.11027E+00
    0.95852E+00    0.11420E+00
    0.96087E+00    0.11800E+00
    0.96316E+00    0.12167E+00
    0.96537E+00    0.12522E+00
    0.96750E+00    0.12866E+00
    0.96957E+00    0.13197E+00
    0.97157E+00    0.13516E+00
    0.97350E+00    0.13825E+00
    0.97537E+00    0.14124E+00
    0.97718E+00    0.14412E+00
    0.97892E+00    0.14690E+00
    0.98061E+00    0.14960E+00
    0.98224E+00    0.15222E+00
    0.98381E+00    0.15476E+00
    0.98534E+00    0.15724E+00
    0.98681E+00    0.15966E+00
    0.98823E+00    0.16203E+00
    0.98960E+00    0.16432E+00
    0.99092E+00    0.16656E+00
    0.99220E+00    0.16866E+00
    0.99344E+00    0.17062E+00
    0.99463E+00    0.17230E+00
    0.99578E+00    0.17386E+00
    0.99689E+00    0.17450E+00
    0.99797E+00    0.17586E+00
    0.99900E+00    0.17031E+00
    0.10000E+01    0.18499E+00